888
1 496
637 564
837 821
84 302
775 826
51 103
13 770
238 342
297 251
118 440
588 272
692 749
502 262
285 338
307 717
18 8
139 142
785 774
578 215
536 521
132 135
13 20
329 220
355 308
90 689
838 546
49 488
679 635
533 41
635 863
510 256
34 595
109 15
143 188
5 57
355 634
176 385
260 50
467 253
662 270
41 64
131 722
673 645
4 14
98 160
271 584
523 76
575 806
230 12
268 122
451 321
878 419
162 59
164 232
109 271
300 173
413 353
859 675
11 324
47 30
166 246
231 26
180 227
418 482
828 232
50 273
95 650
311 714
101 30
800 241
346 305
38 39
2 3
254 452
160 241
431 766
14 56
833 427
12 21
79 124
52 22
754 620
33 193
729 11
63 555
13 30
333 577
242 332
229 882
94 746
56 361
461 168
577 737
42 579
195 401
196 13
171 624
7 2
557 99
54 288
166 24
369 883
125 117
424 72
475 348
146 3
639 453
2 299
306 546
31 23
326 192
348 383
51 290
45 41
589 647
649 308
42 405
529 275
18 102
251 320
493 104
154 407
597 622
234 84
353 125
562 563
701 64
886 227
68 213
89 283
233 27
24 23
524 269
77 212
426 145
411 371
3 63
61 45
205 325
690 578
340 564
400 54
111 298
397 220
91 8
348 39
365 503
1 9
161 181
525 242
211 495
268 526
59 5
315 228
165 677
682 226
257 617
275 263
696 215
15 672
846 593
691 816
610 325
183 151
304 711
15 49
284 341
550 236
626 542
31 65
305 432
798 70
303 215
259 159
814 630
2 37
180 575
372 581
280 229
63 70
482 741
211 438
210 57
65 286
181 490
490 853
750 460
587 402
281 17
78 179
125 676
44 395
745 72
150 102
625 10
192 84
572 40
675 69
685 18
459 392
344 506
269 267
368 188
502 552
124 147
246 457
392 781
379 515
200 860
605 773
335 751
5 450
733 663
114 518
283 504
571 89
409 89
105 85
25 77
265 660
474 36
616 621
272 885
44 28
10 33
765 517
207 289
89 239
229 102
514 540
849 670
19 136
76 61
406 105
194 586
740 273
254 53
153 585
158 157
623 55
106 7
41 6
565 109
358 363
143 279
780 274
32 75
775 144
488 858
294 375
486 520
247 735
217 592
42 807
116 106
60 208
251 153
631 663
567 339
189 10
134 205
743 252
485 608
555 670
505 113
79 76
829 670
257 278
285 154
535 641
827 640
125 337
391 7
363 439
185 801
486 817
443 809
841 504
207 40
873 634
372 292
217 365
180 90
100 516
534 600
200 63
342 772
265 45
1 313
691 68
284 166
434 284
867 781
149 22
274 776
665 845
64 419
16 54
403 559
2 4
10 15
559 734
229 293
556 580
456 681
61 132
20 80
712 844
284 436
803 189
80 110
276 44
763 283
80 414
677 718
443 796
81 85
180 253
235 742
416 164
147 319
153 145
313 635
884 188
28 204
683 221
112 1
822 135
53 29
532 27
620 150
730 802
69 509
506 875
159 825
1 19
707 564
419 602
614 608
238 631
2 72
410 448
327 408
113 195
481 285
174 16
440 632
664 325
100 151
14 26
294 262
360 164
64 140
850 571
369 471
366 142
72 223
592 810
73 78
89 80
12 13
394 148
16 862
330 79
9 139
206 73
47 263
864 220
818 27
221 191
522 288
510 821
367 246
724 709
762 228
309 242
518 687
169 415
49 371
64 396
53 67
652 285
5 4
460 381
317 212
31 377
4 6
50 97
29 190
888 661
491 666
539 315
725 661
478 645
784 719
455 556
208 344
90 152
63 182
93 90
121 609
115 81
478 115
551 354
365 376
394 839
749 791
498 527
16 120
130 12
654 345
218 149
229 347
472 477
259 537
836 537
90 479
50 40
716 393
147 203
56 86
184 63
38 73
131 472
520 528
769 142
334 167
434 558
194 62
106 215
530 92
295 171
422 151
700 174
498 697
879 345
161 7
195 604
431 204
46 10
11 8
27 671
151 369
2 12
653 571
47 143
669 320
319 661
351 499
820 809
566 518
77 168
202 340
11 23
44 236
753 244
333 129
8 292
636 403
459 777
389 418
122 243
627 33
12 170
25 574
179 702
658 629
7 453
57 759
235 277
524 868
141 804
308 379
74 25
119 217
485 180
795 455
573 336
121 53
191 813
26 262
485 547
282 141
218 465
252 185
100 83
390 856
154 47
90 35
483 96
387 60
380 427
778 225
23 258
372 797
165 220
411 442
674 874
553 792
433 46
240 235
171 102
237 137
445 340
815 167
81 113
37 38
238 250
215 513
186 423
9 71
861 454
364 430
638 85
12 51
86 545
398 655
71 82
108 56
517 273
53 201
32 238
62 16
115 794
112 501
92 628
154 343
22 876
189 417
851 796
536 642
202 543
165 88
832 565
117 5
327 229
122 311
352 162
144 125
54 590
175 132
182 498
747 688
232 491
788 498
771 186
378 392
247 267
693 641
381 305
323 79
58 199
310 44
364 222
88 63
247 468
470 326
752 452
198 541
393 380
678 172
44 255
304 721
310 605
492 124
104 83
644 525
756 661
225 153
748 717
92 40
327 500
380 196
382 23
353 824
443 34
107 350
787 146
100 651
484 43
9 726
272 138
494 23
163 58
138 104
831 762
119 64
3 761
576 499
70 264
596 199
680 459
274 318
362 227
869 108
562 121
657 415
830 625
790 754
497 107
63 127
43 24
327 548
308 712
866 9
789 630
736 132
458 84
170 173
553 161
36 28
210 531
715 682
114 706
5 134
640 250
60 145
126 508
880 472
291 119
58 216
28 9
603 583
83 224
159 101
94 29
41 42
887 833
307 298
176 36
296 306
570 428
289 354
39 593
351 872
399 446
167 228
719 371
277 388
147 542
811 330
343 429
538 292
42 328
669 881
52 114
266 144
486 391
757 254
167 178
35 374
247 606
22 60
312 234
643 461
597 401
27 398
699 582
399 36
744 107
160 185
134 351
35 9
480 353
48 10
102 126
287 36
177 270
793 284
782 2
43 155
8 29
848 474
111 77
386 355
202 150
321 37
565 774
164 112
244 66
729 760
99 73
301 732
407 412
133 55
200 402
703 373
447 10
214 116
385 389
733 857
576 755
63 403
475 805
854 355
27 13
141 100
336 60
68 449
22 1
611 263
512 442
695 18
1 2
475 535
699 767
35 464
599 594
354 705
104 107
249 847
64 84
473 133
95 69
344 601
59 435
16 1
469 70
555 629
365 694
121 339
383 569
704 114
786 590
615 48
99 370
296 13
457 648
567 739
314 145
214 476
328 420
348 356
737 870
489 684
537 730
507 487
10 6
187 5
107 247
80 322
239 511
333 583
316 466
540 779
357 254
205 487
167 88
541 808
191 95
45 877
758 592
14 613
332 455
799 5
425 165
204 713
331 61
305 335
37 248
538 659
219 148
96 619
157 37
186 132
508 727
668 284
206 242
8 667
561 476
331 462
672 783
646 327
300 731
197 163
73 123
454 303
26 560
89 274
686 167
134 257
19 32
812 377
66 32
305 201
444 53
764 651
8 7
122 373
688 155
594 439
554 215
30 359
7 209
823 411
665 213
335 698
96 728
456 113
428 171
68 521
128 211
58 35
4 40
463 443
24 69
25 390
159 674
98 51
173 819
842 16
865 594
3 55
630 163
514 156
261 239
111 489
341 437
31 96
122 23
29 128
855 628
304 100
177 170
598 429
534 42
245 112
463 720
486 835
169 83
33 68
313 618
304 738
72 316
17 16
656 591
284 582
723 245
410 333
475 519
61 156
709 671
16 118
293 692
216 384
50 852
256 124
568 411
616 443
29 633
286 612